  A       A#      B       C       C#      D       D#      E       F       F#      G       G#

    00                    000                0    0         0      0 0            0
1 |1||  1 ||11  1 ||||  1 ||||  1 1--1  1 ||||  1 |||1  1 1|||  1 ||1|  1 |1-1  1 ||||  3 |1-1
2 2|||  2 |2||  2 ||11  2 ||||  2 ||||  2 123|  2 ||||  2 |||2  2 2|||  2 ||2|  2 |1|2  4 ||2|
3 ||||  3 3|||  3 |2||  3 |||1  3 ||||  3 ||||  3 |34|  3 ||||  3 ||||  3 3|||  3 ||3|  5 3|||
4 ||||  4 ||||  4 3|||  4 ||||  4 |||4  4 ||||  4 ||||  4 |4||  4 ||||  4 ||||  4 ||||  6 ||||
  GCEA    GCEA    GCEA    GCEA    GCEA    GCEA    GCEA    GCEA    GCEA    GCEA    GCEA    GCEA


  A7      A#7     B7      C7      C#7     D7      D#7     E7      F7      F#7     G7      G#7

  0 00                    000              0 0                                    0
1 |1||  1 1--1  1 ||||  1 |||1  1 1--1  1 ||||  1 ||||  1 1|||  1 ||1|  1 ||||  1 ||1|  1 1|||
2 ||||  2 |2||  2 1--1  2 ||||  2 |||2  2 1|2|  2 ||||  2 |2|3  2 2|||  2 ||1|  2 |2|3  2 ||2|
3 ||||  3 ||||  3 |2||  3 ||||  3 ||||  3 ||||  3 1--1  3 ||||  3 |3|4  3 2|||  3 ||||  3 |3|4
4 ||||  4 ||||  4 ||||  4 ||||  4 ||||  4 ||||  4 |||2  4 ||||  4 ||||  4 |3|4  4 ||||  4 ||||
  GCEA    GCEA    GCEA    GCEA    GCEA    GCEA    GCEA    GCEA    GCEA    GCEA    GCEA    GCEA


  Am      A#m     Bm      Cm      C#m     Dm      D#m     Em      Fm      F#m     Gm      G#m

   000                    0         0        0            0        0         0    0    
1 ||||  1 |1-1  1 ||||  1 ||||  1 12||  1 ||1|  1 |||1  1 ||||  1 1|2|  1 |1||  1 |||1  1 ||||
2 1|||  2 ||||  2 |1-1  2 ||||  2 ||||  2 23||  2 ||2|  2 |||1  2 ||||  2 2|3|  2 |2||  2 |||1
3 ||||  3 3|||  3 ||||  3 |1-1  3 ||||  3 ||||  3 34||  3 ||2|  3 |||4  3 ||||  3 ||3|  3 |2||
4 ||||  4 ||||  4 3|||  4 ||||  4 |||4  4 ||||  4 ||||  4 |3||  4 ||||  4 ||||  4 ||||  4 3|4|
  GCEA    GCEA    GCEA    GCEA    GCEA    GCEA    GCEA    GCEA    GCEA    GCEA    GCEA    GCEA


  Am7     A#m7    Bm7     Cm7     C#m7    Dm7     D#m7    Em7     Fm7     F#m7    Gm7     G#m7

  0000                              0                     0 0                     0
1 ||||  1 1--1  1 ||||  1 ||||  1 12||  1 ||1|  1 ||||  1 ||||  1 1|2|  1 ||||  1 ||11  1 1|||
2 ||||  2 ||||  2 1--1  2 ||||  2 |||3  2 23||  2 ||1|  2 |1|2  2 ||||  2 1|2|  2 |2||  2 ||23
3 ||||  3 ||||  3 ||||  3 1--1  3 ||||  3 |||4  3 23||  3 ||||  3 |3|4  3 ||||  3 ||||  3 |4||
4 ||||  4 ||||  4 ||||  4 ||||  4 ||||  4 ||||  4 |||4  4 ||||  4 ||||  4 |3|4  4 ||||  4 ||||
  GCEA    GCEA    GCEA    GCEA    GCEA    GCEA    GCEA    GCEA    GCEA    GCEA    GCEA    GCEA
